0.de.pool.ntp.org;   1;    0.036209;    0.000000;    0.010705;    -0.072835
0.de.pool.ntp.org;   2;    0.036331;    0.000128;    0.010768;    -0.072993
0.de.pool.ntp.org;   3;    0.036453;    0.000128;    0.010726;    -0.073071
0.de.pool.ntp.org;   4;    0.036575;    0.000205;    0.010666;    -0.073059
0.de.pool.ntp.org;   5;    0.036682;    0.000205;    0.010746;    -0.073192
0.de.pool.ntp.org;   6;    0.036804;    0.000205;    0.010758;    -0.073239
0.de.pool.ntp.org;   7;    0.036926;    0.000205;    0.010712;    -0.073278
0.de.pool.ntp.org;   8;    0.037048;    0.000347;    0.010595;    -0.073279
0.de.pool.ntp.org;   9;    0.037170;    0.000807;    0.010998;    -0.073735
0.de.pool.ntp.org;   10;    0.037292;    0.000807;    0.010741;    -0.073463
0.de.pool.ntp.org;   11;    0.037415;    0.000807;    0.010775;    -0.073551
0.de.pool.ntp.org;   12;    0.037521;    0.000807;    0.010724;    -0.073561
0.de.pool.ntp.org;   13;    0.037643;    0.000807;    0.010784;    -0.073679
0.de.pool.ntp.org;   14;    0.037766;    0.000807;    0.010935;    -0.073876
0.de.pool.ntp.org;   15;    0.037888;    0.000807;    0.010849;    -0.073880
0.de.pool.ntp.org;   16;    0.038010;    0.000549;    0.010728;    -0.073785
0.de.pool.ntp.org;   17;    0.038132;    0.000425;    0.010722;    -0.073853
0.de.pool.ntp.org;   18;    0.038254;    0.000425;    0.010760;    -0.073947
0.de.pool.ntp.org;   19;    0.038376;    0.000425;    0.010812;    -0.074060
0.de.pool.ntp.org;   20;    0.038483;    0.000425;    0.010734;    -0.074031
0.de.pool.ntp.org;   21;    0.038605;    0.000425;    0.010771;    -0.074132
0.de.pool.ntp.org;   22;    0.038727;    0.000340;    0.010679;    -0.074086
0.de.pool.ntp.org;   23;    0.038849;    0.000343;    0.010850;    -0.074340
0.de.pool.ntp.org;   24;    0.038971;    0.000343;    0.010734;    -0.074255
0.de.pool.ntp.org;   25;    0.039093;    0.000343;    0.010731;    -0.074310
0.de.pool.ntp.org;   26;    0.039215;    0.000343;    0.010689;    -0.074330
0.de.pool.ntp.org;   27;    0.039322;    0.000343;    0.010807;    -0.074482
0.de.pool.ntp.org;   28;    0.039459;    0.000541;    0.010949;    -0.074723
0.de.pool.ntp.org;   29;    0.039581;    0.000541;    0.010772;    -0.074592
0.de.pool.ntp.org;   30;    0.039703;    0.000521;    0.010759;    -0.074621
0.de.pool.ntp.org;   31;    0.039825;    0.000693;    0.010603;    -0.074611
0.de.pool.ntp.org;   32;    0.039948;    0.000693;    0.010666;    -0.074717
0.de.pool.ntp.org;   33;    0.040070;    0.000693;    0.010754;    -0.074790
0.de.pool.ntp.org;   34;    0.040176;    0.000693;    0.010759;    -0.074865
0.de.pool.ntp.org;   35;    0.040298;    0.000693;    0.010710;    -0.074900
0.de.pool.ntp.org;   36;    0.040421;    0.000339;    0.010762;    -0.074971
0.de.pool.ntp.org;   37;    0.040543;    0.000319;    0.010737;    -0.075019
0.de.pool.ntp.org;   38;    0.040665;    0.000319;    0.010668;    -0.074997
0.de.pool.ntp.org;   39;    0.040787;    0.000193;    0.010737;    -0.075100
0.de.pool.ntp.org;   40;    0.040909;    0.000189;    0.010725;    -0.075167
0.de.pool.ntp.org;   41;    0.041031;    0.000189;    0.010735;    -0.075214
0.de.pool.ntp.org;   42;    0.041138;    0.000189;    0.010703;    -0.075265
0.de.pool.ntp.org;   43;    0.041260;    0.000189;    0.010715;    -0.075314
0.de.pool.ntp.org;   44;    0.041382;    0.000258;    0.010797;    -0.075445
0.de.pool.ntp.org;   45;    0.041504;    0.000258;    0.010731;    -0.075473
0.de.pool.ntp.org;   46;    0.041626;    0.000187;    0.010735;    -0.075505
0.de.pool.ntp.org;   47;    0.041748;    0.000187;    0.010732;    -0.075606
0.de.pool.ntp.org;   48;    0.041870;    0.000187;    0.010728;    -0.075615
0.de.pool.ntp.org;   49;    0.041977;    0.000187;    0.010743;    -0.075700
0.de.pool.ntp.org;   50;    0.042099;    0.000163;    0.010720;    -0.075751
0.de.pool.ntp.org;   51;    0.042221;    0.000154;    0.010750;    -0.075824
0.de.pool.ntp.org;   52;    0.042343;    0.000067;    0.010753;    -0.075879
0.de.pool.ntp.org;   53;    0.042465;    0.000073;    0.010717;    -0.075875
0.de.pool.ntp.org;   54;    0.042587;    0.000323;    0.010592;    -0.075926
0.de.pool.ntp.org;   55;    0.042709;    0.000405;    0.010794;    -0.076084
0.de.pool.ntp.org;   56;    0.042816;    0.000405;    0.010690;    -0.076066
0.de.pool.ntp.org;   57;    0.042938;    0.000525;    0.010855;    -0.076279
0.de.pool.ntp.org;   58;    0.043060;    0.000525;    0.010739;    -0.076202
0.de.pool.ntp.org;   59;    0.043182;    0.000525;    0.010729;    -0.076271
0.de.pool.ntp.org;   60;    0.043304;    0.000525;    0.010764;    -0.076326
0.de.pool.ntp.org;   61;    0.043427;    0.000525;    0.010760;    -0.076373
0.de.pool.ntp.org;   62;    0.043549;    0.000329;    0.010839;    -0.076544
0.de.pool.ntp.org;   63;    0.043671;    0.000359;    0.010675;    -0.076419
0.de.pool.ntp.org;   64;    0.043777;    0.000359;    0.010740;    -0.076560
0.de.pool.ntp.org;   65;    0.043900;    0.000328;    0.010722;    -0.076616
0.de.pool.ntp.org;   66;    0.044022;    0.000328;    0.010744;    -0.076648
0.de.pool.ntp.org;   67;    0.044144;    0.000328;    0.010696;    -0.076691
0.de.pool.ntp.org;   68;    0.044266;    0.000328;    0.010729;    -0.076741
0.de.pool.ntp.org;   69;    0.044388;    0.000328;    0.010737;    -0.076850
0.de.pool.ntp.org;   70;    0.044510;    0.000139;    0.010718;    -0.076859
0.de.pool.ntp.org;   71;    0.044617;    0.000106;    0.010691;    -0.076978
0.de.pool.ntp.org;   72;    0.044739;    0.000307;    0.010591;    -0.076928
0.de.pool.ntp.org;   73;    0.044876;    0.000307;    0.010612;    -0.077001
0.de.pool.ntp.org;   74;    0.044998;    0.000328;    0.010755;    -0.077137
0.de.pool.ntp.org;   75;    0.045120;    0.000328;    0.010744;    -0.077195
0.de.pool.ntp.org;   76;    0.045242;    0.000385;    0.010783;    -0.077265
0.de.pool.ntp.org;   77;    0.045364;    0.000385;    0.010701;    -0.077265
0.de.pool.ntp.org;   78;    0.045471;    0.000385;    0.010687;    -0.077269
0.de.pool.ntp.org;   79;    0.045593;    0.000385;    0.010729;    -0.077386
0.de.pool.ntp.org;   80;    0.045715;    0.000343;    0.010706;    -0.077422
0.de.pool.ntp.org;   81;    0.045837;    0.000192;    0.010728;    -0.077515
0.de.pool.ntp.org;   82;    0.045959;    0.000192;    0.010731;    -0.077570
0.de.pool.ntp.org;   83;    0.046082;    0.000192;    0.010719;    -0.077607
0.de.pool.ntp.org;   84;    0.046204;    0.000087;    0.010704;    -0.077657
0.de.pool.ntp.org;   85;    0.046326;    0.000287;    0.010588;    -0.077670
0.de.pool.ntp.org;   86;    0.046432;    0.000287;    0.010714;    -0.077819
0.de.pool.ntp.org;   87;    0.046555;    0.000381;    0.010778;    -0.077886
0.de.pool.ntp.org;   88;    0.046677;    0.000381;    0.010772;    -0.077952
0.de.pool.ntp.org;   89;    0.046799;    0.000582;    0.010878;    -0.078086
0.de.pool.ntp.org;   90;    0.046921;    0.000582;    0.010767;    -0.078086
0.de.pool.ntp.org;   91;    0.047043;    0.000582;    0.010761;    -0.078103
0.de.pool.ntp.org;   92;    0.019821;    0.000582;    0.010743;    -0.078154
0.de.pool.ntp.org;   93;    0.019943;    0.000328;    0.010773;    -0.078265
0.de.pool.ntp.org;   94;    0.020065;    0.000270;    0.010868;    -0.078363
0.de.pool.ntp.org;   95;    0.020187;    0.000270;    0.010777;    -0.078332
0.de.pool.ntp.org;   96;    0.020309;    0.000270;    0.010778;    -0.078397
0.de.pool.ntp.org;   97;    0.020432;    0.000329;    0.010908;    -0.078643
0.de.pool.ntp.org;   98;    0.020554;    0.000525;    0.010645;    -0.078421
0.de.pool.ntp.org;   99;    0.020660;    0.000525;    0.010755;    -0.078537
0.de.pool.ntp.org;   100;    0.020782;    0.000525;    0.010711;    -0.078582
